生成数据
请输入数据大小(1-200)MB:200
请选择是否保存模型（1保存0不保存）:0
去重
数组中存在重复元素
数据集长度： 200000000
begin build
0
1000000
2000000
3000000
4000000
5000000
6000000
7000000
8000000
9000000
10000000
11000000
12000000
13000000
14000000
15000000
16000000
17000000
18000000
19000000
20000000
21000000
22000000
23000000
24000000
25000000
26000000
27000000
28000000
29000000
30000000
31000000
32000000
33000000
34000000
35000000
36000000
37000000
38000000
39000000
40000000
41000000
42000000
43000000
44000000
45000000
46000000
47000000
48000000
49000000
50000000
51000000
52000000
53000000
54000000
55000000
56000000
57000000
58000000
59000000
60000000
61000000
62000000
63000000
64000000
65000000
66000000
67000000
68000000
69000000
70000000
71000000
72000000
73000000
74000000
75000000
76000000
77000000
78000000
79000000
80000000
81000000
82000000
83000000
84000000
85000000
86000000
87000000
88000000
89000000
90000000
91000000
92000000
93000000
94000000
95000000
96000000
97000000
98000000
99000000
100000000
101000000
102000000
103000000
104000000
105000000
106000000
107000000
108000000
109000000
110000000
111000000
112000000
113000000
114000000
115000000
116000000
117000000
118000000
119000000
120000000
121000000
122000000
123000000
124000000
125000000
126000000
127000000
128000000
129000000
130000000
131000000
132000000
133000000
134000000
135000000
136000000
137000000
138000000
139000000
140000000
141000000
142000000
143000000
144000000
145000000
146000000
147000000
148000000
149000000
150000000
151000000
152000000
153000000
154000000
155000000
156000000
157000000
158000000
159000000
160000000
161000000
162000000
163000000
164000000
165000000
166000000
167000000
168000000
169000000
170000000
171000000
172000000
173000000
174000000
175000000
176000000
177000000
178000000
179000000
180000000
181000000
182000000
183000000
184000000
185000000
186000000
187000000
188000000
189000000
190000000
191000000
192000000
193000000
194000000
195000000
196000000
197000000
198000000
199000000
build time: 7697.531029701233
begin positive search
search time: 2.90256667137146
suc: 100000 fail: 0
begin 25% negative search
search time: 3.0068907737731934
suc: 76441 fail: 23559
begin 50% negative search
search time: 3.1496357917785645
suc: 52785 fail: 47215
begin 75% negative search
search time: 3.355470895767212
suc: 29379 fail: 70621
begin 100% negative search
search time: 3.4764397144317627
suc: 5672 fail: 94328