生成数据
生成B树
插入数据
0
100000
200000
300000
400000
500000
600000
700000
800000
900000
1000000
1100000
1200000
1300000
1400000
1500000
1600000
1700000
1800000
1900000
2000000
2100000
2200000
2300000
2400000
2500000
2600000
2700000
2800000
2900000
3000000
3100000
3200000
3300000
3400000
3500000
3600000
3700000
3800000
3900000
4000000
4100000
4200000
4300000
4400000
4500000
4600000
4700000
4800000
4900000
5000000
5100000
5200000
5300000
5400000
5500000
5600000
5700000
5800000
5900000
6000000
6100000
6200000
6300000
6400000
6500000
6600000
6700000
6800000
6900000
7000000
7100000
7200000
7300000
7400000
7500000
7600000
7700000
7800000
7900000
8000000
8100000
8200000
8300000
8400000
8500000
8600000
8700000
8800000
8900000
9000000
9100000
9200000
9300000
9400000
9500000
9600000
9700000
9800000
9900000
10000000
10100000
10200000
10300000
10400000
10500000
10600000
10700000
10800000
10900000
11000000
11100000
11200000
11300000
11400000
11500000
11600000
11700000
11800000
11900000
12000000
12100000
12200000
12300000
12400000
12500000
12600000
12700000
12800000
12900000
13000000
13100000
13200000
13300000
13400000
13500000
13600000
13700000
13800000
13900000
14000000
14100000
14200000
14300000
14400000
14500000
14600000
14700000
14800000
14900000
15000000
15100000
15200000
15300000
15400000
15500000
15600000
15700000
15800000
15900000
16000000
16100000
16200000
16300000
16400000
16500000
16600000
16700000
16800000
16900000
17000000
17100000
17200000
17300000
17400000
17500000
17600000
17700000
17800000
17900000
18000000
18100000
18200000
18300000
18400000
18500000
18600000
18700000
18800000
18900000
19000000
19100000
19200000
19300000
19400000
19500000
19600000
19700000
19800000
19900000
20000000
20100000
20200000
20300000
20400000
20500000
20600000
20700000
20800000
20900000
21000000
21100000
21200000
21300000
21400000
21500000
21600000
21700000
21800000
21900000
22000000
22100000
22200000
22300000
22400000
22500000
22600000
22700000
22800000
22900000
23000000
23100000
23200000
23300000
23400000
23500000
23600000
23700000
23800000
23900000
24000000
24100000
24200000
24300000
24400000
24500000
24600000
24700000
24800000
24900000
building time is 1039.3162546157837
positive search time is 5.4627790451049805
suc and fail: 100000 0
25% negtive search time is 4.8769495487213135
suc and fail: 100000 0
50% negtive search time is 4.06696343421936
suc and fail: 100000 0
75% negtive search time is 3.311267614364624
suc and fail: 100000 0
100% negtive search time is 3.0908925533294678
suc and fail: 100000 0
                       types |   # objects |   total size
============================ | =========== | ============
                        dict |    44444098 |      4.93 GB
                        list |    44451593 |      3.48 GB
               __main__.Item |    22222052 |   1017.24 MB
          __main__.BTreeNode |    22222040 |   1017.24 MB
                         int |    22223655 |    593.44 MB
                         str |        7777 |    552.22 KB
           method_descriptor |          13 |    936     B
                     weakref |           4 |    288     B
                         set |           1 |    216     B
       function (store_info) |           1 |    136     B
                       bytes |           3 |    133     B
                        code |          -4 |     98     B
          wrapper_descriptor |           1 |     72     B
  builtin_function_or_method |           1 |     72     B
                      method |           1 |     64     B
