data loaded,ready to separate
length: [14411527, 6824588, 3174465, 589420]
list build,ready to feed models
this model's data [        0        21        24 ... 536870781 536870850 536870850]
    error bound calculating...
     0
     100000
     200000
     300000
     400000
     500000
     600000
     700000
     800000
     900000
     1000000
     1100000
     1200000
     1300000
     1400000
     1500000
     1600000
     1700000
     1800000
     1900000
     2000000
     2100000
     2200000
     2300000
     2400000
     2500000
     2600000
     2700000
     2800000
     2900000
     3000000
     3100000
     3200000
     3300000
     3400000
     3500000
     3600000
     3700000
     3800000
     3900000
     4000000
     4100000
     4200000
     4300000
     4400000
     4500000
     4600000
     4700000
     4800000
     4900000
     5000000
     5100000
     5200000
     5300000
     5400000
     5500000
     5600000
     5700000
     5800000
     5900000
     6000000
     6100000
     6200000
     6300000
     6400000
     6500000
     6600000
     6700000
     6800000
     6900000
     7000000
     7100000
     7200000
     7300000
     7400000
     7500000
     7600000
     7700000
     7800000
     7900000
     8000000
     8100000
     8200000
     8300000
     8400000
     8500000
     8600000
     8700000
     8800000
     8900000
     9000000
     9100000
     9200000
     9300000
     9400000
     9500000
     9600000
     9700000
     9800000
     9900000
     10000000
     10100000
     10200000
     10300000
     10400000
     10500000
     10600000
     10700000
     10800000
     10900000
     11000000
     11100000
     11200000
     11300000
     11400000
     11500000
     11600000
     11700000
     11800000
     11900000
     12000000
     12100000
     12200000
     12300000
     12400000
     12500000
     12600000
     12700000
     12800000
     12900000
     13000000
     13100000
     13200000
     13300000
     13400000
     13500000
     13600000
     13700000
     13800000
     13900000
     14000000
     14100000
     14200000
     14300000
     14400000
    error bound : -594529 167655
average error: 0.8284245060974057
model0 build [0.02762963] 172509.6463203961
this model's data [ 536871279  536871284  536871298 ... 1073741022 1073741356 1073741669]
    error bound calculating...
     0
     100000
     200000
     300000
     400000
     500000
     600000
     700000
     800000
     900000
     1000000
     1100000
     1200000
     1300000
     1400000
     1500000
     1600000
     1700000
     1800000
     1900000
     2000000
     2100000
     2200000
     2300000
     2400000
     2500000
     2600000
     2700000
     2800000
     2900000
     3000000
     3100000
     3200000
     3300000
     3400000
     3500000
     3600000
     3700000
     3800000
     3900000
     4000000
     4100000
     4200000
     4300000
     4400000
     4500000
     4600000
     4700000
     4800000
     4900000
     5000000
     5100000
     5200000
     5300000
     5400000
     5500000
     5600000
     5700000
     5800000
     5900000
     6000000
     6100000
     6200000
     6300000
     6400000
     6500000
     6600000
     6700000
     6800000
    error bound : -509096 252365
average error: 2.760453925292113
model1 build [0.01281077] -6421771.6535196025
this model's data [1073742740 1073742790 1073742790 ... 1610612133 1610612547 1610612724]
    error bound calculating...
     0
     100000
     200000
     300000
     400000
     500000
     600000
     700000
     800000
     900000
     1000000
     1100000
     1200000
     1300000
     1400000
     1500000
     1600000
     1700000
     1800000
     1900000
     2000000
     2100000
     2200000
     2300000
     2400000
     2500000
     2600000
     2700000
     2800000
     2900000
     3000000
     3100000
    error bound : -298562 103515
average error: 2.4922118833293725
model2 build [0.00619065] -6497717.35821461
[-1.03829911e-04  3.14095938e+01] 89833.44335307454
this model's data [1610612740 1610612760 1610616257 ... 2147449596 2147468108 2147478874]
    error bound calculating...
     0
     100000
     200000
     300000
     400000
     500000
    error bound : -17329 77396
average error: 1.6792409906271961
model3 build [-1.03829911e-04  3.14095938e+01] 89833.44335307454
models ready
Build pybloom model,time cost: 314.10263872146606
@positive search:
suc: 100000  bf not in: 0  fal: 0
new cost is  3.061488389968872
@25% negative search:
suc: 75661  bf not in: 24330  fal: 9
new cost is  2.4472806453704834
@50% negative search:
suc: 51244  bf not in: 48732  fal: 24
new cost is  1.8192663192749023
@75% negative search:
suc: 26970  bf not in: 73008  fal: 22
new cost is  1.2072980403900146
@100% negative search:
suc: 2511  bf not in: 97459  fal: 30
new cost is  0.5634274482727051